7	0.04061	0.12819	0.27066	1
6	0.02904	0.1329	0.24108	1
6	0.03033	0.15166	0.2353	1
8	0.03144	0.16145	0.26116	1
6	0.01138	0.12773	0.25142	1
6	-0.0017	0.13335	0.22646	1
6	-0.01867	0.12656	0.23583	1
6	-0.03032	0.13431	0.20821	1
7	-0.04664	0.12634	0.21422	1
7	0.03134	0.15715	0.20277	1
6	0.03057	0.17468	0.19306	1
6	0.01239	0.17792	0.17963	1
8	0.00698	0.17057	0.15296	1
6	0.04363	0.18042	0.16559	1
6	0.04173	0.19912	0.15929	1
6	0.06147	0.17729	0.17916	1
7	0.00259	0.18725	0.19926	1
6	-0.01494	0.19167	0.18815	1
6	-0.01486	0.20488	0.16063	1
8	-0.00465	0.21616	0.15868	1
6	-0.0246	0.19837	0.22055	1
6	-0.03136	0.18508	0.24464	1
6	-0.02124	0.17768	0.27135	1
6	-0.04791	0.17936	0.2428	1
6	-0.02745	0.16546	0.29296	1
6	-0.05428	0.16772	0.26578	1
6	-0.04409	0.16056	0.29108	1
7	-0.02847	0.20366	0.13873	1
6	-0.03375	0.21819	0.11858	1
6	-0.04344	0.23034	0.14211	1
8	-0.05084	0.22508	0.16818	1
7	-0.04529	0.24577	0.13005	1
6	-0.05307	0.25902	0.14984	1
6	-0.07142	0.25453	0.15876	1
8	-0.07715	0.2544	0.18931	1
6	-0.05134	0.2752	0.12923	1
6	-0.06087	0.28935	0.14375	1
6	-0.05764	0.30487	0.12264	1
7	-0.06388	0.30481	0.08683	1
6	-0.07935	0.30976	0.07731	1
7	-0.0909	0.31499	0.10063	1
7	-0.08356	0.30943	0.0434	1
7	-0.08151	0.25062	0.13074	1
6	-0.09903	0.24641	0.1377	1
6	-0.10192	0.23005	0.15607	1
8	-0.11367	0.22776	0.1758	1
6	-0.11024	0.24766	0.10338	1
16	-0.11052	0.26826	0.08198	1
7	-0.09139	0.21747	0.14934	1
6	-0.09263	0.2018	0.16715	1
6	-0.09018	0.20415	0.20736	1
8	-0.09863	0.19725	0.22865	1
6	-0.07853	0.19051	0.1542	1
6	-0.07866	0.17339	0.16842	1
6	-0.06241	0.16334	0.15718	1
8	-0.04938	0.17057	0.14264	1
8	-0.0639	0.14758	0.16303	1
7	-0.07768	0.215	0.21681	1
6	-0.07557	0.21847	0.25327	1
6	-0.0901	0.22863	0.26968	1
8	-0.09503	0.225	0.29987	1
6	-0.05868	0.22819	0.25776	1
6	-0.05408	0.23194	0.29628	1
6	-0.05195	0.21601	0.31776	1
6	-0.03849	0.24373	0.29913	1
7	-0.09603	0.24149	0.25121	1
6	-0.11067	0.25059	0.26325	1
6	-0.12526	0.23901	0.2714	1
8	-0.13292	0.24051	0.29855	1
6	-0.11528	0.26373	0.2367	1
7	-0.12848	0.22713	0.24755	1
6	-0.14192	0.21542	0.2538	1
6	-0.1393	0.20441	0.28615	1
8	-0.15061	0.20087	0.30699	1
6	-0.14458	0.20476	0.22037	1
7	-0.12388	0.19781	0.29074	1
6	-0.12004	0.18763	0.32021	1
6	-0.12194	0.1972	0.35459	1
8	-0.12756	0.19073	0.38108	1
6	-0.10248	0.18021	0.31815	1
7	-0.11603	0.21316	0.35443	1
6	-0.1174	0.22363	0.38588	1
6	-0.13543	0.22752	0.39596	1
8	-0.13969	0.2269	0.42697	1
6	-0.10654	0.23945	0.38195	1
6	-0.08795	0.23618	0.38422	1
16	-0.07686	0.25593	0.37752	1
6	-0.05729	0.25202	0.3977	1
7	-0.14602	0.22998	0.36902	1
6	-0.16449	0.23347	0.3733	1
6	-0.1727	0.21827	0.38987	1
8	-0.18171	0.21965	0.41654	1
6	-0.17297	0.23748	0.33815	1
6	-0.19155	0.24295	0.34142	1
6	-0.19664	0.25307	0.30858	1
6	-0.21578	0.25599	0.30348	1
7	-0.22471	0.25409	0.33752	1
7	-0.16823	0.20325	0.37633	1
6	-0.1755	0.18809	0.3896	1
6	-0.1714	0.18499	0.42734	1
8	-0.18114	0.17814	0.44673	1
6	-0.17027	0.173	0.36691	1
6	-0.17873	0.15723	0.37995	1
6	-0.1767	0.14273	0.35462	1
7	-0.15999	0.1347	0.35501	1
6	-0.15537	0.12191	0.37588	1
7	-0.16595	0.11569	0.4	1
7	-0.13987	0.11543	0.37285	1
7	-0.15634	0.19112	0.43873	1
6	-0.15055	0.18838	0.47496	1
6	-0.15479	0.20324	0.50018	1
8	-0.14871	0.20335	0.53047	1
6	-0.13165	0.18594	0.47409	1
6	-0.1268	0.16829	0.46544	1
7	-0.12152	0.16329	0.43251	1
6	-0.12649	0.1543	0.48575	1
6	-0.11777	0.147	0.43296	1
7	-0.1211	0.14129	0.4648	1
7	-0.16532	0.21462	0.48784	1
6	-0.17343	0.22739	0.50955	1
6	-0.16326	0.24337	0.51668	1
8	-0.16703	0.25272	0.54156	1
7	-0.15103	0.24668	0.49438	1
6	-0.14143	0.26247	0.49831	1
6	-0.14911	0.27795	0.48377	1
8	-0.14384	0.2923	0.49264	1
6	-0.12381	0.26054	0.48082	1
6	-0.11199	0.25086	0.50293	1
6	-0.09493	0.2506	0.48401	1
6	-0.10806	0.25724	0.54032	1
7	-0.16127	0.2769	0.45987	1
6	-0.16883	0.29201	0.4453	1
6	-0.17874	0.30161	0.47351	1
8	-0.19069	0.2949	0.48937	1
6	-0.181	0.28879	0.41383	1
6	-0.18597	0.30561	0.39193	1
8	-0.17915	0.32096	0.39319	1
8	-0.19837	0.30261	0.3704	1
7	-0.17268	0.3166	0.48095	1
6	-0.17887	0.3273	0.50871	1
6	-0.17593	0.32125	0.54559	1
8	-0.18355	0.32758	0.57082	1
6	-0.19715	0.33253	0.50124	1
6	-0.19731	0.34792	0.47958	1
8	-0.19056	0.36147	0.49142	1
7	-0.2028	0.34605	0.44668	1
7	-0.164	0.30965	0.55108	1
6	-0.15944	0.30428	0.58499	1
6	-0.15147	0.31847	0.60594	1
8	-0.13913	0.32655	0.59414	1
6	-0.14771	0.28896	0.5842	1
6	-0.14576	0.28057	0.61923	1
6	-0.15737	0.26871	0.63113	1
6	-0.13243	0.285	0.64187	1
6	-0.1555	0.26175	0.66441	1
6	-0.13038	0.27846	0.67451	1
6	-0.14242	0.26693	0.68657	1
8	-0.14037	0.25961	0.71963	1
7	-0.15892	0.32247	0.63639	1
6	-0.1544	0.33744	0.65691	1
6	-0.15449	0.35352	0.63475	1
8	-0.14431	0.36524	0.64148	1
6	-0.13768	0.33451	0.67575	1
6	-0.13829	0.3214	0.70385	1
6	-0.14507	0.32901	0.73739	1
7	-0.14788	0.31622	0.76493	1
6	-0.14413	0.31838	0.7991	1
7	-0.14738	0.30592	0.82193	1
7	-0.13686	0.33279	0.81069	1
7	-0.16544	0.35457	0.60879	1
6	-0.16703	0.36904	0.58646	1
6	-0.1553	0.37224	0.55559	1
8	-0.15525	0.385	0.5391	1
7	-0.14468	0.35942	0.54908	1
6	-0.1324	0.36044	0.52021	1
6	-0.139	0.35083	0.48831	1
8	-0.14069	0.33532	0.48934	1
6	-0.11531	0.35283	0.53245	1
6	-0.10677	0.36351	0.55923	1
6	-0.09661	0.37655	0.54871	1
6	-0.10817	0.35986	0.59422	1
6	-0.08859	0.38624	0.57269	1
6	-0.10067	0.37027	0.62037	1
6	-0.09009	0.38354	0.60765	1
8	-0.08161	0.39413	0.6329	1
7	-0.14213	0.36049	0.461	1
6	-0.14925	0.35373	0.42847	1
6	-0.1366	0.34143	0.41187	1
8	-0.12104	0.34249	0.41726	1
6	-0.15352	0.36731	0.40219	1
8	-0.13929	0.37635	0.39172	1
7	-0.14302	0.32946	0.39055	1
6	-0.13256	0.3173	0.37356	1
6	-0.11782	0.32409	0.35467	1
8	-0.1035	0.31631	0.35599	1
6	-0.14328	0.30718	0.34752	1
6	-0.13679	0.29093	0.33388	1
6	-0.13252	0.27862	0.36301	1
6	-0.15055	0.28284	0.31074	1
7	-0.11848	0.33807	0.33591	1
6	-0.10389	0.34511	0.31821	1
6	-0.08889	0.3488	0.34219	1
8	-0.07423	0.34798	0.33111	1
7	-0.09212	0.35309	0.37472	1
6	-0.07853	0.35612	0.40063	1
6	-0.06882	0.33996	0.40604	1
8	-0.05322	0.34096	0.40807	1
6	-0.08485	0.36221	0.43617	1
6	-0.08979	0.38051	0.43641	1
8	-0.07947	0.39158	0.43544	1
7	-0.10623	0.38327	0.43396	1
7	-0.07692	0.32528	0.41032	1
6	-0.06812	0.30938	0.41625	1
6	-0.05878	0.30401	0.38409	1
8	-0.04466	0.2968	0.38778	1
6	-0.081	0.29629	0.42805	1
6	-0.08978	0.30076	0.46095	1
6	-0.10555	0.30804	0.46528	1
6	-0.0831	0.29935	0.49583	1
7	-0.10882	0.3101	0.50037	1
6	-0.09516	0.30523	0.51958	1
6	-0.06758	0.29268	0.50955	1
6	-0.09271	0.30425	0.55496	1
6	-0.06549	0.29254	0.54493	1
6	-0.07808	0.29831	0.56734	1
7	-0.06549	0.30625	0.35282	1
6	-0.05703	0.30141	0.31963	1
6	-0.0412	0.31249	0.3148	1
8	-0.02774	0.30641	0.30544	1
6	-0.06912	0.30169	0.28723	1
6	-0.05977	0.29822	0.2534	1
6	-0.08334	0.28943	0.2942	1
7	-0.04238	0.32885	0.31968	1
6	-0.02857	0.34071	0.31715	1
6	-0.01434	0.33554	0.34404	1
8	3.03042E-4	0.33518	0.33409	1
6	-0.03534	0.35865	0.32517	1
16	-0.01951	0.37457	0.31889	1
7	-0.0195	0.33148	0.37562	1
6	-0.0071	0.32684	0.40401	1
6	0.00237	0.31111	0.39158	1
8	0.01797	0.31024	0.39335	1
6	-0.01514	0.32434	0.43894	1
7	-0.00658	0.29852	0.3772	1
6	0.00143	0.28286	0.36609	1
6	0.01277	0.2862	0.33507	1
8	0.02669	0.27833	0.33169	1
6	-0.01169	0.26988	0.35609	1
7	0.00811	0.29694	0.30984	1
6	0.01899	0.30045	0.28098	1
6	0.03597	0.30737	0.29172	1
8	0.04936	0.30112	0.28087	1
6	0.01035	0.31337	0.25565	1
6	0.02186	0.32005	0.22712	1
6	0.02493	0.30803	0.19847	1
6	0.03793	0.31593	0.17435	1
7	0.04176	0.30372	0.14631	1
7	0.0359	0.31949	0.31528	1
6	0.05155	0.32774	0.32522	1
6	0.06103	0.31835	0.35406	1
8	0.07637	0.32035	0.35723	1
6	0.04903	0.34629	0.33282	1
6	0.04311	0.35605	0.30106	1
6	0.05178	0.35554	0.27037	1
6	0.02826	0.36542	0.30161	1
6	0.04701	0.36455	0.24066	1
6	0.02323	0.37418	0.27206	1
6	0.0324	0.37365	0.24272	1
7	0.05277	0.30819	0.37391	1
6	0.06177	0.29851	0.4019	1
6	0.07043	0.28324	0.38438	1
8	0.08464	0.27911	0.39383	1
6	0.04984	0.29209	0.43	1
6	0.04299	0.30573	0.45412	1
6	0.05615	0.31244	0.47947	1
8	0.0709	0.30629	0.47982	1
8	0.05352	0.32577	0.49668	1
7	0.06245	0.27406	0.36058	1
6	0.06875	0.25747	0.34794	1
6	0.06845	0.25541	0.30831	1
8	0.0736	0.24171	0.29588	1
6	0.05817	0.24409	0.36306	1
8	0.04145	0.24425	0.34974	1
7	0.06212	0.26802	0.28768	1
6	0.05922	0.26597	0.24992	1
6	0.04808	0.25055	0.24346	1
8	0.04981	0.24198	0.21644	1
6	0.07552	0.2648	0.229	1
6	0.07382	0.27247	0.19319	1
8	0.06139	0.28029	0.18454	1
7	0.08608	0.26901	0.17087	1
7	0.03601	0.24769	0.26644	1
6	0.02264	0.23478	0.26343	1
6	0.02946	0.2166	0.26528	1
8	0.02118	0.20448	0.25609	1
6	0.01224	0.23651	0.22963	1
6	0.00269	0.25276	0.22485	1
6	-0.00529	0.26039	0.25208	1
6	9.34379E-4	0.25897	0.19108	1
6	-0.01511	0.27488	0.24675	1
6	-0.00888	0.27319	0.18438	1
6	-0.01653	0.28084	0.21198	1
7	0.04461	0.21501	0.28005	1
6	0.05354	0.19781	0.28369	1
6	0.05155	0.19108	0.32082	1
8	0.05812	0.19915	0.34673	1
6	0.07169	0.20039	0.27467	1
6	0.08185	0.18427	0.2762	1
8	0.0755	0.17116	0.28127	1
7	0.09779	0.18629	0.26905	1
7	0.04269	0.17712	0.32573	1
6	0.04032	0.16992	0.36021	1
6	0.05706	0.1644	0.37726	1
8	0.05724	0.16291	0.40876	1
6	0.02831	0.15522	0.36092	1
8	0.03529	0.14126	0.3414	1
6	0.01043	0.15946	0.34602	1
7	0.0701	0.1611	0.35631	1
6	0.08569	0.15448	0.37145	1
6	0.09777	0.16805	0.38198	1
8	0.11219	0.16398	0.3929	1
6	0.0944	0.14234	0.34567	1
6	0.08365	0.12705	0.33755	1
6	0.09263	0.11326	0.31773	1
8	0.09119	0.11162	0.28478	1
7	0.10356	0.10565	0.3362	1
7	0.09379	0.1844	0.37989	1
6	0.10584	0.19781	0.38831	1
6	0.11096	0.19777	0.42728	1
8	0.10091	0.19584	0.45142	1
6	0.09744	0.21459	0.37982	1
7	0.1274	0.19972	0.43227	1
6	0.1349	0.20214	0.46694	1
6	0.14698	0.21616	0.46594	1
8	0.15552	0.21919	0.44	1
6	0.14374	0.18624	0.48116	1
8	0.15735	0.18179	0.45744	1
6	0.13233	0.1711	0.48599	1
7	0.14839	0.22522	0.49485	1
6	0.16121	0.23889	0.49818	1
6	0.16666	0.24027	0.53562	1
8	0.15646	0.24125	0.5596	1
6	0.15347	0.2552	0.4872	1
6	0.15216	0.25671	0.44662	1
8	0.16506	0.25762	0.42697	1
7	0.13684	0.25574	0.43369	1
7	0.18348	0.24068	0.5415	1
6	0.19071	0.24166	0.57686	1
6	0.19305	0.25991	0.58683	1
8	0.19853	0.27015	0.56491	1
6	0.20832	0.23324	0.57673	1
6	0.21569	0.23154	0.61343	1
6	0.21135	0.21433	0.62575	1
7	0.21406	0.20955	0.66248	1
6	0.2257	0.19862	0.67438	1
7	0.23745	0.1921	0.65303	1
7	0.22546	0.194	0.70799	1
7	0.18931	0.26353	0.62003	1
6	0.19056	0.28081	0.63573	1
6	0.20645	0.28213	0.65694	1
8	0.21349	0.26988	0.66765	1
6	0.17537	0.28496	0.6586	1
6	0.15855	0.28252	0.63923	1
8	0.14782	0.2724	0.64968	1
7	0.15717	0.2904	0.61047	1
7	0.21214	0.29786	0.66169	1
6	0.22763	0.30182	0.68216	1
6	0.22717	0.29459	0.71939	1
8	0.24019	0.28822	0.73224	1
6	0.23122	0.32135	0.68372	1
8	0.21607	0.33077	0.69113	1
6	0.23774	0.32667	0.64923	1
7	0.21218	0.29456	0.73559	1
6	0.21021	0.28828	0.77095	1
6	0.21176	0.26894	0.77412	1
8	0.21053	0.2618	0.80306	1
6	0.1943	0.29544	0.78836	1
6	0.17801	0.28848	0.77343	1
8	0.17844	0.27789	0.75024	1
8	0.16456	0.2942	0.78427	1
7	0.21366	0.26011	0.74409	1
6	0.21387	0.24187	0.74282	1
6	0.19712	0.23247	0.73654	1
8	0.1969	0.21703	0.73148	1
7	0.18321	0.24173	0.73773	1
6	0.16704	0.23508	0.7285	1
6	0.16651	0.23394	0.68786	1
8	0.17671	0.24003	0.66813	1
6	0.15281	0.24607	0.74222	1
8	0.15286	0.26168	0.72446	1
7	0.15396	0.22438	0.67546	1
6	0.1508	0.22151	0.63836	1
6	0.13185	0.22477	0.63082	1
8	0.12105	0.22132	0.65375	1
6	0.15538	0.20357	0.62831	1
8	0.17292	0.20106	0.63697	1
6	0.15347	0.19934	0.58974	1
7	0.12828	0.23181	0.59987	1
6	0.11109	0.23459	0.58567	1
6	0.10647	0.22054	0.55995	1
8	0.1173	0.21566	0.53805	1
6	0.11032	0.25145	0.56773	1
6	0.11276	0.26588	0.59253	1
8	0.11023	0.26478	0.62346	1
8	0.11512	0.27961	0.57966	1
7	0.0912	0.21351	0.56253	1
6	0.08581	0.19857	0.5424	1
6	0.06937	0.20154	0.52203	1
8	0.05633	0.20685	0.53744	1
6	0.08317	0.18396	0.56807	1
6	0.09873	0.17776	0.58704	1
6	0.10385	0.18501	0.6181	1
6	0.1083	0.16494	0.57309	1
6	0.11843	0.17979	0.6353	1
6	0.12261	0.15959	0.59045	1
6	0.1275	0.16729	0.62011	1
8	0.14221	0.16175	0.63807	1
7	0.07017	0.19638	0.48926	1
6	0.05542	0.1932	0.46773	1
6	0.04881	0.20915	0.44989	1
8	0.05664	0.22191	0.4477	1
7	0.03363	0.20694	0.43609	1
6	0.02583	0.21945	0.41266	1
6	0.0235	0.23671	0.4315	1
8	0.02413	0.24955	0.41435	1
6	0.00941	0.21165	0.39747	1
6	0.00505	0.2208	0.36422	1
6	-0.00417	0.20992	0.42551	1
6	-0.00236	0.20958	0.33744	1
7	0.02076	0.23655	0.46615	1
6	0.01898	0.25151	0.48728	1
6	0.0333	0.25452	0.51335	1
8	0.03321	0.26567	0.53493	1
6	0.00198	0.25235	0.50662	1
6	-0.01345	0.25533	0.48193	1
6	-0.02929	0.25089	0.50301	1
6	-0.01284	0.27367	0.47121	1
7	0.04765	0.2455	0.50741	1
6	0.06325	0.24977	0.52609	1
6	0.06068	0.25154	0.56604	1
8	0.06658	0.26415	0.58203	1
6	0.07241	0.26448	0.50871	1
6	0.07925	0.2602	0.47206	1
6	0.09394	0.24871	0.47259	1
8	0.10797	0.25469	0.47847	1
7	0.09098	0.23274	0.46734	1
7	0.05402	0.23851	0.58208	1
6	0.05027	0.23785	0.61855	1
6	0.066	0.23365	0.63894	1
8	0.07542	0.2219	0.62982	1
6	0.03573	0.22575	0.62541	1
6	0.01966	0.23445	0.60997	1
6	0.03331	0.22109	0.66522	1
6	0.00492	0.22287	0.60945	1
7	0.06981	0.2436	0.66675	1
6	0.08572	0.24312	0.68559	1
6	0.08687	0.23112	0.71623	1
8	0.07471	0.22873	0.73683	1
6	0.08952	0.26094	0.69778	1
6	0.10634	0.2626	0.71385	1
8	0.10817	0.26183	0.74594	1
7	0.11878	0.26488	0.69248	1
7	0.10115	0.22239	0.71966	1
6	0.10407	0.20947	0.74625	1
6	0.10742	0.21599	0.78235	1
8	0.10728	0.20555	0.8067	1
6	0.11868	0.19789	0.73433	1
8	0.13396	0.20703	0.73319	1
7	0.10974	0.23228	0.78673	1
6	0.11295	0.23905	0.82311	1
6	0.09709	0.23785	0.84383	1
8	0.09687	0.23471	0.87544	1
6	0.1192	0.25684	0.82201	1
6	0.12302	0.26219	0.86013	1
6	0.13526	0.27689	0.86404	1
7	0.15195	0.27285	0.84923	1
6	0.16238	0.26064	0.86071	1
7	0.1583	0.25034	0.88834	1
7	0.17709	0.25847	0.84377	1
7	0.08269	0.2402	0.82644	1
6	0.06652	0.24026	0.8458	1
6	0.05382	0.22686	0.8377	1
8	0.04398	0.2217	0.85858	1
6	0.0565	0.25711	0.84119	1
6	0.06701	0.27192	0.85135	1
6	0.07616	0.28199	0.82947	1
6	0.07061	0.27711	0.88636	1
7	0.08519	0.29357	0.84921	1
6	0.08188	0.29078	0.88417	1
6	0.06496	0.2717	0.91953	1
6	0.08779	0.2993	0.91412	1
6	0.07072	0.28007	0.94937	1
6	0.08211	0.2938	0.94641	1
7	0.05293	0.22109	0.80443	1
6	0.03871	0.21304	0.78902	1
6	0.03914	0.19483	0.78108	1
8	0.0265	0.18633	0.78119	1
6	0.03255	0.2226	0.7557	1
6	0.02907	0.24113	0.76187	1
6	0.03941	0.25371	0.75314	1
6	0.01626	0.24817	0.78351	1
7	0.03342	0.26896	0.76594	1
6	0.01941	0.26567	0.7853	1
6	0.00239	0.24145	0.80016	1
6	0.00808	0.27698	0.80443	1
6	-0.00873	0.25286	0.81918	1
6	-0.00537	0.26972	0.82042	1
7	0.05416	0.18778	0.77525	1
6	0.05642	0.16998	0.76617	1
6	0.07312	0.16384	0.77987	1
8	0.08417	0.17414	0.78691	1
6	0.05529	0.16714	0.72594	1
16	0.07132	0.17748	0.69929	1
7	0.07484	0.1472	0.78245	1
6	0.09029	0.13969	0.79625	1
6	0.10101	0.13172	0.76744	1
8	0.09459	0.12161	0.74905	1
6	0.08582	0.12562	0.82309	1
6	0.10196	0.11783	0.83797	1
8	0.11384	0.12682	0.84686	1
7	0.10292	0.10167	0.83689	1
7	0.11648	0.13806	0.76462	1
6	0.12894	0.13119	0.73939	1
6	0.1435	0.12262	0.75697	1
8	0.15468	0.11704	0.73792	1
6	0.13512	0.14387	0.71172	1
6	0.14479	0.15863	0.72478	1
8	0.14929	0.15893	0.7562	1
8	0.14873	0.16983	0.70393	1
7	0.14325	0.12163	0.79092	1
6	0.15705	0.11263	0.80926	1
6	0.1734	0.12143	0.8114	1
8	0.18554	0.11459	0.82673	1
7	0.17541	0.13639	0.79625	1
6	0.19122	0.14583	0.79734	1
6	0.18949	0.16439	0.80575	1
8	0.20045	0.17462	0.79654	1
6	0.20059	0.14367	0.7623	1
6	0.19181	0.15099	0.73082	1
6	0.20414	0.15163	0.70121	1
7	0.19842	0.16324	0.67446	1
6	0.20407	0.16362	0.64113	1
7	0.2158	0.15243	0.63169	1
7	0.19844	0.17499	0.61602	1
7	0.17561	0.1693	0.82285	1
6	0.17318	0.18701	0.83248	1
6	0.17177	0.1879	0.87322	1
8	0.15852	0.18623	0.88704	1
6	0.1571	0.19457	0.81361	1
8	0.15812	0.19099	0.77662	1
6	0.15646	0.21334	0.81873	1
7	0.18606	0.18946	0.89285	1
6	0.18455	0.18867	0.93158	1
6	0.17263	0.20101	0.94852	1
8	0.1714	0.21592	0.93794	1
6	0.20263	0.19236	0.94404	1
6	0.2134	0.18607	0.91422	1
6	0.20364	0.19011	0.88082	1
7	0.16357	0.19431	0.97454	1
6	0.15199	0.20455	0.99549	1
6	0.13692	0.21112	0.97509	1
8	0.12836	0.2228	0.98654	1
7	0.13307	0.20327	0.94554	1
6	0.11973	0.20929	0.92404	1
6	0.10311	0.20107	0.93739	1
8	0.10303	0.18882	0.9577	1
6	0.1236	0.20467	0.88665	1
8	0.12064	0.18712	0.88266	1
7	0.08904	0.20838	0.92704	1
6	0.0732	0.20061	0.93591	1
6	0.06754	0.19299	0.90047	1
8	0.07591	0.19436	0.87158	1
6	0.06017	0.21319	0.94892	1
6	0.06645	0.22973	0.96544	1
6	0.07043	0.22829	1.00462	1
7	0.06092	0.21458	1.02224	1
6	0.04503	0.21542	1.0347	1
7	0.03571	0.22953	1.03216	1
7	0.0383	0.20175	1.04989	1
7	0.05408	0.18433	0.90351	1
6	0.04658	0.17482	0.87633	1
6	0.02743	0.17806	0.88179	1
8	0.01808	0.16671	0.88926	1
6	0.05089	0.15632	0.88201	1
6	0.04332	0.14427	0.85562	1
8	0.04405	0.12841	0.86053	1
7	0.03602	0.15052	0.82847	1
7	0.02205	0.19357	0.8753	1
6	0.00438	0.19801	0.88396	1
6	-0.00854	0.19032	0.86	1
8	-0.02365	0.18833	0.86934	1
6	0.00247	0.21712	0.88657	1
6	0.01174	0.22573	0.91675	1
6	0.0123	0.24472	0.91201	1
6	0.00374	0.22056	0.95179	1
7	-0.00354	0.18539	0.82776	1
6	-0.01463	0.17631	0.80525	1
6	-0.01472	0.15701	0.81055	1
8	-0.02436	0.14791	0.79327	1
6	-0.01114	0.18055	0.76559	1
16	-0.01749	0.20205	0.75607	1
7	-0.00337	0.15127	0.83351	0.5
7	-0.00374	0.15097	0.83385	0.5
6	-0.00213	0.13353	0.8442	0.5
6	-0.00275	0.13295	0.8433	0.5
6	3.78802E-5	0.12173	0.81317	0.5
6	-2.27281E-4	0.12163	0.81208	0.5
8	-0.00953	0.10994	0.80768	0.5
8	-0.01003	0.11004	0.8052	0.5
6	-0.01775	0.12857	0.86578	0.5
6	-0.01879	0.12703	0.86235	0.5
6	-0.01768	0.13619	0.90251	0.5
6	-0.01567	0.11109	0.8842	0.5
7	0.01297	0.12531	0.79145	1
6	0.016	0.1162	0.75871	1
6	0.03498	0.11668	0.75011	1
8	0.04368	0.12886	0.75863	1
6	0.00769	0.12459	0.72507	1
6	0.01115	0.14335	0.72359	1
6	-0.01082	0.1198	0.71982	1
6	0.0091	0.15089	0.68617	1
7	0.04143	0.1031	0.73367	1
6	0.05879	0.10398	0.72071	1
6	0.05894	0.11644	0.69024	1
8	0.04717	0.11665	0.6686	1
6	0.0625	0.08598	0.70934	1
6	0.04647	0.07666	0.71071	1
6	0.03269	0.0875	0.7234	1
7	0.0722	0.12647	0.68813	1
6	0.07326	0.13845	0.65836	1
6	0.07239	0.13041	0.62208	1
8	0.0663	0.13778	0.5967	1
6	0.08899	0.14881	0.66232	1
16	0.09123	0.16138	0.70182	1
7	0.07903	0.11503	0.61865	1
6	0.07748	0.10595	0.58607	1
6	0.05975	0.10351	0.57248	1
8	0.05702	0.10235	0.54016	1
6	0.0863	0.08851	0.58984	1
8	0.07787	0.07848	0.61528	1
7	0.04731	0.10279	0.59596	1
6	0.02952	0.10235	0.58491	1
6	0.024	0.11724	0.56288	1
8	0.0116	0.11654	0.5419	1
6	0.01823	0.10119	0.61689	1
7	0.03269	0.13123	0.56699	1
6	0.02921	0.14634	0.54828	1
6	0.03561	0.14666	0.5109	1
8	0.0327	0.15908	0.49129	1
6	0.03595	0.1615	0.56802	1
6	0.03015	0.16396	0.60607	1
6	0.03966	0.1776	0.62538	1
6	0.01078	0.16802	0.60422	1
7	0.04438	0.13326	0.499	1
6	0.0519	0.13276	0.46441	1
6	0.04172	0.12143	0.43934	1
8	0.04596	0.12009	0.40715	1
6	0.07022	0.1266	0.46689	1
6	0.08201	0.13656	0.49121	1
6	0.09959	0.12977	0.49079	1
6	0.08346	0.15432	0.47934	1
7	0.02849	0.1144	0.45383	1
6	0.01734	0.10325	0.43369	1
6	0.00891	0.11124	0.40172	1
8	0.00509	0.12676	0.40111	1
6	0.00434	0.09647	0.45868	1
8	-0.00698	0.08505	0.4414	1
7	0.00497	0.10129	0.3748	1
6	-0.00543	0.10705	0.34609	1
6	-0.02373	0.11147	0.35768	1
8	-0.03258	0.12138	0.34013	1
6	-0.00544	0.09384	0.31602	1
8	-0.01187	0.07844	0.32755	1
7	-0.02934	0.10413	0.38625	1
6	-0.04548	0.10761	0.40433	1
6	-0.04236	0.12228	0.42976	1
8	-0.03244	0.12101	0.45377	1
6	-0.05054	0.09228	0.42604	1
6	-0.06806	0.09413	0.44322	1
8	-0.07488	0.10779	0.44768	1
8	-0.07625	0.08109	0.4495	1
7	-0.05072	0.13614	0.42203	1
6	-0.04772	0.15153	0.44266	1
6	-0.05725	0.15254	0.4767	1
8	-0.05536	0.16501	0.49636	1
6	-0.05096	0.16777	0.42108	1
6	-0.07046	0.1705	0.41412	1
6	-0.03986	0.16879	0.38773	1
6	-0.07363	0.18777	0.39681	1
7	-0.06668	0.13961	0.48741	1
6	-0.07692	0.14002	0.5186	1
6	-0.06717	0.14533	0.55174	1
8	-0.07241	0.15642	0.57074	1
6	-0.08563	0.12244	0.52459	1
8	-0.09586	0.11897	0.49383	1
6	-0.09668	0.123	0.5566	1
7	-0.05272	0.13751	0.55923	1
6	-0.04336	0.14189	0.59092	1
6	-0.03732	0.1598	0.59069	1
8	-0.03816	0.16867	0.61805	1
6	-0.02801	0.12971	0.59496	1
7	-0.03135	0.16597	0.56055	1
6	-0.02649	0.18345	0.55763	1
6	-0.04094	0.19565	0.56348	1
8	-0.03875	0.20842	0.58367	1
6	-0.01878	0.18758	0.52198	1
8	-0.00189	0.18074	0.51852	1
7	-0.05558	0.19194	0.5485	1
6	-0.07	0.20272	0.55325	1
6	-0.07552	0.2027	0.59124	1
8	-0.0796	0.21631	0.60649	1
6	-0.08489	0.19675	0.52976	1
6	-0.10109	0.20571	0.54182	1
6	-0.08087	0.20008	0.49198	1
7	-0.07653	0.18796	0.60744	1
6	-0.0819	0.18719	0.64354	1
6	-0.07037	0.1968	0.66842	1
8	-0.07581	0.2053	0.69354	1
6	-0.08392	0.16879	0.65623	1
6	-0.09997	0.16078	0.64119	1
8	-0.11041	0.16938	0.62406	1
7	-0.10081	0.14417	0.6443	1
7	-0.05371	0.19579	0.6628	1
6	-0.04168	0.20506	0.68533	1
6	-0.0427	0.22397	0.67765	1
8	-0.0423	0.23439	0.70224	1
6	-0.02395	0.19786	0.67839	1
16	-0.00812	0.20577	0.70681	1
7	-0.04476	0.22847	0.64438	1
6	-0.04686	0.24627	0.63372	1
6	-0.06188	0.25473	0.65293	1
8	-0.06104	0.26911	0.66282	1
6	-0.0477	0.24836	0.59462	1
7	-0.0756	0.2454	0.65691	1
6	-0.09056	0.25236	0.6757	1
6	-0.08598	0.25625	0.7133	1
8	-0.09204	0.26886	0.72776	1
6	-0.10488	0.23905	0.6734	1
6	-0.11332	0.23804	0.6385	1
6	-0.12721	0.22454	0.63858	1
6	-0.13571	0.22387	0.60272	1
7	-0.14783	0.20955	0.59926	1
7	-0.07551	0.24616	0.73153	1
6	-0.06974	0.24949	0.76683	1
6	-0.0584	0.2653	0.76755	1
8	-0.05994	0.27656	0.79042	1
6	-0.05965	0.23449	0.78082	1
6	-0.06942	0.21974	0.7962	1
6	-0.0586	0.21337	0.82818	1
6	-0.06702	0.19962	0.8504	1
7	-0.07514	0.18646	0.82741	1
7	-0.04706	0.26679	0.74203	1
6	-0.03561	0.28121	0.74061	1
6	-0.04505	0.29807	0.73554	1
8	-0.04137	0.31006	0.75338	1
6	-0.02256	0.27875	0.71034	1
6	-0.01126	0.26333	0.71826	1
6	-0.01189	0.29457	0.70351	1
6	-2.02028E-4	0.25793	0.68823	1
7	-0.05649	0.2989	0.71055	1
6	-0.06573	0.31419	0.70156	1
6	-0.07743	0.31937	0.731	1
8	-0.08264	0.33409	0.73195	1
6	-0.07459	0.31234	0.66562	1
6	-0.09061	0.30232	0.66712	1
6	-0.0777	0.32918	0.64918	1
7	-0.08161	0.3075	0.75409	1
6	-0.09201	0.31115	0.78615	1
6	-0.08214	0.31742	0.81815	1
8	-0.08979	0.32177	0.84541	1
6	-0.10172	0.29516	0.79472	1
8	-0.11206	0.2904	0.76583	1
7	-0.06541	0.31888	0.81517	1
6	-0.05374	0.32107	0.84509	1
6	-0.05272	0.33957	0.85644	1
8	-0.04414	0.34351	0.8824	1
6	-0.03585	0.31519	0.83449	1
6	-0.02493	0.30989	0.86594	1
8	-0.03164	0.30158	0.8904	1
8	-0.00943	0.3137	0.86528	1
7	-0.06051	0.35117	0.83715	1
6	-0.06018	0.36897	0.84916	1
6	-0.05432	0.38104	0.82055	1
8	-0.06087	0.39573	0.81844	1
7	-0.04181	0.37581	0.79916	1
6	-0.03482	0.38678	0.77106	1
6	-0.04162	0.38359	0.73414	1
8	-0.03692	0.39205	0.70921	1
6	-0.01588	0.3863	0.77095	1
6	-0.00886	0.39387	0.80375	1
8	-0.01744	0.40347	0.82272	1
7	0.00683	0.38935	0.81158	1
7	-0.05459	0.37327	0.73119	1
6	-0.0622	0.36999	0.6985	1
6	-0.04907	0.36368	0.6714	1
8	-0.03765	0.35402	0.68106	1
7	-0.05076	0.36914	0.63963	1
6	-0.03956	0.36309	0.61135	1
6	-0.02259	0.37229	0.61142	1
8	-0.01116	0.36732	0.59187	1
6	-0.04705	0.36407	0.57536	1
6	-0.06018	0.35025	0.56871	1
16	-0.06663	0.34742	0.52322	1
6	-0.0484	0.33562	0.50818	1
7	-0.02004	0.38427	0.63583	1
6	-0.00341	0.39243	0.64026	1
6	0.00972	0.37946	0.65298	1
8	0.0249	0.38346	0.64873	1
6	-0.005	0.40719	0.66515	1
6	-0.0149	0.42163	0.65005	1
8	-0.01114	0.42941	0.62338	1
7	-0.02866	0.42455	0.6666	1
7	0.00472	0.3651	0.66509	1
6	0.0163	0.3512	0.67398	1
6	0.02658	0.34572	0.64211	1
8	0.04057	0.33866	0.6472	1
6	0.00664	0.33639	0.68813	1
7	0.02072	0.34857	0.60979	1
6	0.02908	0.34403	0.57617	1
6	0.03741	0.35941	0.56211	1
8	0.02888	0.37073	0.54887	1
6	0.01718	0.33609	0.55029	1
6	0.01201	0.31846	0.56063	1
6	0.02181	0.30365	0.55583	1
6	-0.00241	0.31326	0.57876	1
7	0.0135	0.29036	0.56807	1
6	-0.00181	0.29553	0.58208	1
6	-0.01645	0.32155	0.59187	1
6	-0.01402	0.28637	0.59881	1
6	-0.02905	0.31188	0.60815	1
6	-0.02792	0.29427	0.6114	1
7	0.05404	0.36029	0.56343	1
6	0.06288	0.37546	0.55314	1
6	0.06053	0.37913	0.51361	1
8	0.05781	0.3939	0.50391	1
6	0.08219	0.37318	0.56121	1
6	0.08946	0.35808	0.54222	1
6	0.09194	0.3889	0.55021	1
7	0.05924	0.36652	0.49145	1
6	0.05635	0.36977	0.45456	1
6	0.03884	0.37685	0.44858	1
8	0.03606	0.38685	0.42464	1
6	0.05943	0.35485	0.43129	1
7	0.02631	0.3716	0.46937	1
6	0.00961	0.37929	0.46689	1
6	0.00999	0.39767	0.4757	1
8	0.00332	0.40859	0.45673	1
6	-0.00367	0.36962	0.4895	1
6	-0.02101	0.37734	0.48723	1
6	-0.03288	0.37424	0.4605	1
6	-0.0277	0.39	0.50858	1
7	-0.04625	0.38474	0.46491	1
6	-0.04408	0.39388	0.49493	1
6	-0.02245	0.39829	0.53913	1
6	-0.05446	0.40565	0.51148	1
6	-0.03283	0.40962	0.55464	1
6	-0.04869	0.41317	0.54077	1
7	0.01802	0.40148	0.50538	1
6	0.01893	0.41909	0.51702	1
6	0.02736	0.43048	0.48876	1
8	0.02148	0.44439	0.48082	1
6	0.02796	0.41995	0.55214	1
6	0.02681	0.43711	0.56815	1
6	0.03586	0.43827	0.60446	1
7	0.04066	0.42177	0.61813	1
6	0.05643	0.41609	0.62354	1
7	0.0702	0.42534	0.61607	1
7	0.0583	0.40051	0.63675	1
7	0.04085	0.42383	0.4734	1
6	0.05124	0.43456	0.44963	1
6	0.04562	0.4345	0.41269	1
8	0.05001	0.44663	0.39317	1
6	0.06945	0.42928	0.45253	1
6	0.07652	0.43411	0.48726	1
8	0.07143	0.44702	0.50172	1
7	0.08901	0.42476	0.49971	1
7	0.0363	0.42199	0.40032	1
6	0.03278	0.41979	0.36253	1
6	0.01463	0.41752	0.3534	1
8	0.00992	0.4186	0.32296	1
6	0.04241	0.40464	0.34847	1
6	0.06103	0.40768	0.35683	1
6	0.07172	0.39414	0.34317	1
7	0.07354	0.39452	0.3053	1
6	0.08316	0.38352	0.28781	1
7	0.09137	0.37206	0.3058	1
7	0.0845	0.38538	0.25327	1
7	0.00369	0.41417	0.37934	1
6	-0.01428	0.41127	0.37332	1
6	-0.02542	0.4242	0.39198	1
8	-0.03802	0.43029	0.37639	1
6	-0.02006	0.39385	0.38609	1
16	-0.0083	0.37685	0.36675	1
7	-0.02171	0.42822	0.42462	1
6	-0.03176	0.44023	0.44591	1
6	-0.03414	0.4567	0.42604	1
8	-0.02171	0.46413	0.41472	1
6	-0.02275	0.44287	0.4805	1
6	-0.03274	0.45358	0.50641	1
6	-0.02318	0.45506	0.54142	1
6	-0.03299	0.46329	0.57111	1
7	-0.02318	0.46348	0.60525	1
7	-0.05014	0.46171	0.42237	1
6	-0.05384	0.47805	0.40609	1
6	-0.05363	0.47796	0.36583	1
8	-0.05499	0.49103	0.34776	1
7	-0.05166	0.46336	0.35026	1
6	-0.05119	0.46219	0.31251	1
6	-0.06807	0.45452	0.30045	1
8	-0.07855	0.44858	0.32211	1
6	-0.03691	0.45122	0.29863	1
8	-0.04077	0.43359	0.30625	1
6	-0.02018	0.45553	0.3134	1
7	-0.07075	0.45451	0.26604	1
6	-0.08657	0.4472	0.25298	1
6	-0.08507	0.42811	0.25169	1
8	-0.08113	0.42053	0.22504	1
6	-0.0908	0.45422	0.21644	1
6	-0.10598	0.44529	0.19955	1
8	-0.11767	0.43956	0.21897	1
8	-0.10565	0.44436	0.16644	1
7	-0.08844	0.42015	0.28124	1
6	-0.08507	0.40163	0.28396	1
6	-0.09839	0.39125	0.26454	1
8	-0.09571	0.37589	0.25799	1
6	-0.08394	0.39596	0.32272	1
6	-0.06854	0.4033	0.34169	1
6	-0.09995	0.40033	0.34219	1
7	-0.1129	0.39875	0.25446	1
6	-0.12537	0.38961	0.23496	1
6	-0.11824	0.38375	0.19966	1
8	-0.12417	0.37099	0.18425	1
6	-0.14165	0.40114	0.23177	1
6	-0.15828	0.39221	0.22169	1
6	-0.16062	0.3881	0.18182	1
8	-0.16935	0.37572	0.17216	1
7	-0.15338	0.39868	0.15871	1
7	-0.10534	0.39243	0.18615	1
6	-0.09707	0.3877	0.15404	1
6	-0.09115	0.36923	0.15422	1
8	-0.08997	0.3607	0.12807	1
6	-0.08235	0.39936	0.14567	1
7	-0.08664	0.3632	0.18559	1
6	-0.0797	0.34601	0.18937	1
6	-0.09223	0.33203	0.18293	1
8	-0.08797	0.31763	0.17755	1
6	-0.07116	0.34347	0.22641	1
6	-0.0556	0.35429	0.22923	1
6	-0.05385	0.36964	0.24475	1
6	-0.0398	0.35058	0.21335	1
7	-0.03806	0.37597	0.23776	1
6	-0.02918	0.36445	0.21894	1
6	-0.03384	0.33707	0.19361	1
6	-0.01274	0.36476	0.20544	1
6	-0.017	0.33725	0.18055	1
6	-0.00683	0.35115	0.18752	1
7	-0.10846	0.33649	0.18338	1
6	-0.12156	0.32381	0.17786	1
6	-0.13175	0.32763	0.14377	1
8	-0.14368	0.31795	0.13549	1
6	-0.13269	0.3214	0.20974	1
6	-0.1419	0.3374	0.21868	1
6	-0.12196	0.31478	0.24106	1
6	-0.15639	0.33534	0.24443	1
7	-0.12617	0.34	0.12433	1
6	-0.13557	0.34495	0.09198	1
6	-0.1336	0.33173	0.06536	1
8	-0.1205	0.32359	0.06201	1
6	-0.12888	0.36183	0.07805	1
6	-0.13934	0.37673	0.09087	1
6	-0.13744	0.39258	0.06789	1
7	-0.13822	0.40705	0.09185	1
6	-0.12526	0.41706	0.10037	1
7	-0.11011	0.41551	0.08483	1
7	-0.12777	0.42925	0.12406	1
7	-0.14756	0.32835	0.04623	1
6	-0.1469	0.31519	0.01984	1
6	-0.15094	0.29781	0.03391	1
8	-0.15389	0.28605	0.0138	1
7	-0.15086	0.29512	0.06815	1
6	-0.1523	0.27783	0.0805	1
6	-0.17044	0.27183	0.08485	1
8	-0.18104	0.28129	0.09683	1
6	-0.14338	0.27674	0.11686	1
16	-0.12091	0.28261	0.11794	1
7	-0.17362	0.25572	0.07887	1
6	-0.1897	0.24867	0.08686	1
6	-0.19058	0.24274	0.12449	1
8	-0.18343	0.22958	0.13306	1
6	-0.19425	0.23431	0.0604	1
6	-0.21291	0.22964	0.06303	1
6	-0.21943	0.21892	0.03201	1
7	-0.20556	0.21161	0.01172	1
6	-0.20321	0.21335	-0.02303	1
7	-0.2142	0.22202	-0.04335	1
7	-0.18974	0.20614	-0.03784	1
7	-0.19954	0.25241	0.14623	1
6	-0.20031	0.24929	0.18478	1
6	-0.21862	0.24717	0.19765	1
8	-0.23036	0.25415	0.18164	1
6	-0.1919	0.26382	0.20522	1
6	-0.17285	0.26592	0.20042	1
6	-0.16737	0.28281	0.21551	1
6	-0.16285	0.25158	0.21744	1
8	-0.22191	0.23902	0.22459	1
8	0.22958	0.19251	0.59483	1
8	0.01362	0.23188	0.11414	1
8	-0.19796	0.12267	0.40905	1
8	0.05911	0.47783	0.49892	1
8	-0.17661	0.31232	0.13301	1
8	0.06132	0.05457	0.58042	1
8	0.14692	0.16939	0.3952	1
8	0.15871	0.31722	0.83522	1
8	0.02143	0.47694	0.50227	1
8	0.06746	0.45403	0.57707	1
8	0.16217	0.16217	1	0.5
8	0.05177	0.07851	0.48937	1
8	-0.08364	0.36048	0.77855	1
8	0.02152	0.4269	0.25715	1
8	0.052	0.09683	0.35522	1
8	-0.08682	0.13887	0.21425	1
8	0.04477	0.09374	0.28084	1
8	-0.08878	0.44906	0.39219	1
8	0.07193	0.13955	0.24763	1
8	0.09829	0.33095	0.41013	1
8	-0.1485	0.22593	0.12826	1
8	-0.18378	0.40575	0.5433	1
8	-0.11285	0.16487	0.22095	1
8	0.17717	0.09516	0.88678	1
8	0.11526	0.26324	0.37422	1
8	0.1054	0.22684	0.28172	1
8	-0.07792	0.4272	0.44219	1
8	-0.18744	0.25361	0.44391	1
8	-0.21902	0.28039	0.12251	1
8	0.18661	0.18661	0.5	0.5
8	-0.1926	0.27933	0.5577	1
8	-0.17542	0.31106	0.86879	1
8	-0.18631	0.30471	0.66955	1
8	0.18473	0.3172	0.71768	1
8	0.01409	0.45835	0.40391	1
8	0.07311	0.31513	0.23045	1
8	-0.18546	0.19373	0.28741	1
8	0.11282	0.30135	0.41187	1
8	0.00369	0.48576	0.57987	1
8	0.23979	0.13004	0.66734	1
8	0.04412	0.24621	0.14045	1
8	-0.10412	0.40115	0.69272	1
8	-0.13498	0.40105	0.63098	1
8	0.05672	0.41841	0.25573	1
8	0.21895	0.10399	0.7976	1
8	-0.14609	0.23457	0.04749	1
8	0.03682	0.13152	0.14491	1
8	0.13098	0.07677	0.82185	1
8	0.10103	0.35563	0.21625	1
8	0.20602	0.23463	0.47776	1
8	0.02272	0.06691	0.37066	1
8	-0.01593	0.26	0.08536	1
8	-0.07454	0.21739	0.07578	1
8	0.05599	0.09887	0.22208	1
8	-0.11916	0.42159	0.41478	1
8	0.24726	0.24378	0.67541	1
8	-0.04459	0.49931	0.48383	1
8	-0.22186	0.25074	0.44034	1
8	0.14238	0.07994	0.88565	1
8	-0.20171	0.27477	0.62897	1
8	0.24151	0.24151	0.5	0.5
8	0.17579	0.18957	0.70467	1
8	0.02153	0.20876	0.52077	1
8	-0.14251	0.36732	0.31478	1
8	-0.01456	0.14224	0.5042	1
8	0.1228	0.16503	0.81288	1
8	0.14766	0.14987	0.86509	1
8	0.04847	0.27433	0.67517	1
8	-0.04023	0.10768	0.51839	1
8	0.11711	0.28709	0.50029	1
8	-0.07984	0.13359	0.36	1
8	-0.0337	0.41077	0.25211	1
8	-0.00331	0.15306	0.44164	1
8	-0.02969	0.34232	0.75251	1
8	-0.01119	0.08975	0.54507	1
8	0.01769	0.17475	0.44435	1
8	0.07111	0.33088	0.59309	1
8	0.09486	0.31432	0.52359	1
8	-0.06965	0.24953	0.05322	1
8	0.09802	0.15949	0.87934	1
8	-0.05019	0.16334	0.7423	1
8	-0.04113	0.15247	0.68485	1
8	-0.10538	0.20039	0.72852	1
8	-0.17246	0.21955	0.66763	1
8	-0.06539	0.12656	0.67567	1
8	-0.05613	0.11802	0.29132	1
8	0.12945	0.29002	0.7705	1
8	-0.06829	0.27495	0.85963	1
8	-0.04462	0.46502	0.20897	1
8	-0.05323	0.42451	0.18836	1
8	-0.00865	0.49574	0.50325	1
8	-0.0197	0.15091	0.13266	1
8	0.06792	0.29632	0.5823	1
8	0.00126	0.3354	0.78749	1
8	-0.1283	0.43157	0.28496	1
8	-0.11809	0.47074	0.29652	1
8	-0.14704	0.39986	0.33393	1
8	-0.0382	0.52334	0.36657	1
8	0.21955	0.20425	0.79533	1
8	0.04981	0.30005	0.74834	1
